-1086.496826171875 1092.3885498046875
-261.0489196777344 -225.4281463623047
-8.72700023651123 10.031999588012695
-181.47000122070312 279.07000732421875
-8.431117057800293 11.8897123336792
906.6273193359375 1098.958251953125
-261.0489196777344 -225.4281463623047
-3.313675880432129 3.0565457344055176
-8.72700023651123 10.031999588012695
-3.313675880432129 3.0565457344055176
-10.295662879943848 10.296759605407715
-181.47000122070312 279.07000732421875

6.524719149599349
5.720699549933098
-7.074549952787255
-9.045712413936993
-2.621890324087312
4.607500149206619
-5.705846781733538
-5.9265520574108805
4.778850015322359
10.843602752228236
-1.0240625893110127
-6.694472115681717
-10.026963719643291
0.9349792808264547
3.6521772723196597
-5.155738653160934
8.41047274813529
-3.1114359309332
