     	           Index	      Arithmancy	       Astronomy	       Herbology	         Defense	      Divination	          Muggle	         Ancient	         History	 Transfiguration	         Potions	            Care	          Charms	          Flying	
     	                	                	                	                	         Against	                	         Studies	           Runes	              of	                	                	              of	                	                	
     	                	                	                	                	             the	                	                	                	           Magic	                	                	         Magical	                	                	
     	                	                	                	                	            Dark	                	                	                	                	                	                	       Creatures	                	                	
     	                	                	                	                	            Arts	                	                	                	                	                	                	                	                	                	

Count	     1600.000000	     1566.000000	     1568.000000	     1567.000000	     1569.000000	     1561.000000	     1565.000000	     1565.000000	     1557.000000	     1566.000000	     1570.000000	     1560.000000	     1600.000000	     1600.000000	
Mean	      799.500000	    49634.570243	       39.797131	        1.141020	       -0.387863	        3.153910	     -224.589915	      495.747970	        2.963095	     1030.096946	        5.950373	       -0.053427	     -243.374409	       21.958012	
Std		      462.024530	    16679.806036	      520.298268	        5.219682	        5.212794	        4.155301	      486.344840	      106.285165	        4.425775	       44.125116	        3.147854	        0.971457	        8.783640	       97.631602	
Min		        0.000000	   -24370.000000	     -966.740546	      -10.295663	      -10.162119	       -8.727000	    -1086.496835	      283.869609	       -8.858993	      906.627320	       -4.697484	       -3.313676	     -261.048920	     -181.470000	
25%		      399.500000	    38510.000000	     -489.608997	       -4.308182	       -5.259095	        3.099000	     -577.580096	      397.511047	        2.218653	     1026.171713	        3.644900	       -0.672217	     -250.657930	      -41.900000	
50%		      799.500000	    49013.500000	      260.289446	        3.469012	       -2.589342	        4.624000	     -419.164294	      463.918305	        4.378176	     1045.506996	        5.874837	       -0.044811	     -244.867765	       -2.515000	
75%		     1199.500000	    60828.000000	      525.151146	        5.419183	        4.904680	        5.667000	      254.994857	      597.492230	        5.825242	     1058.445388	        8.248789	        0.591428	     -232.547120	       50.670000	
Max		     1599.000000	   104956.000000	     1016.211940	       11.612895	        9.667405	       10.032000	     1092.388611	      745.396220	       11.889713	     1098.958201	       13.536762	        3.056546	     -225.428140	      279.070000	
BONUS
Real25%	      399.750000	     7961.500000	     -471.002424	       -4.818523	       -5.204738	       -4.037250	     -541.775474	      399.251262	       -3.671817	      954.710040	       -0.138922	       -1.721120	     -252.143725	      -66.335000	
Real50%	      799.500000	    40293.000000	       24.735697	        0.658616	       -0.247357	        0.652500	        2.945888	      514.632914	        1.515360	     1002.792760	        4.419639	       -0.128565	     -243.238530	       48.800000	
Real75%	     1199.250000	    72624.500000	      520.473819	        6.135756	        4.710024	        5.342250	      547.667249	      630.014567	        6.702536	     1050.875480	        8.978201	        1.463990	     -234.333335	      163.935000	
Near25%	      400.000000	    58384.000000	     -487.886086	       -5.987446	        4.878861	       -5.612000	     -487.340557	      367.760303	       -3.444377	     1039.788281	        3.790369	       -0.515327	     -252.184250	      -26.890000	
Near50%	      800.000000	    58384.000000	     -487.886086	        5.727180	        4.878861	        4.722000	      272.035831	      532.484226	        3.555579	     1039.788281	        3.790369	        0.091674	     -252.184250	      -26.890000	
Near75%	     1199.000000	    67239.000000	     -487.886086	        5.727180	        4.878861	        4.722000	      272.035831	      532.484226	        5.231058	     1058.944592	        8.728531	        0.715939	     -232.794050	      -26.890000	
